25/03/2026

ADA

 綜合評價最穩健 Top 10 (RSI 50-60 掃描)：
 RSI_Thresh  Short  Long  Profit_%  Sharpe  MDD_%  Trades
         54     13    38   32840.9    1.40  -46.3     184
         54     10    50   27601.6    1.40  -45.7     176
         54     14    38   30957.2    1.40  -41.2     180
         55     10    50   25150.3    1.40  -41.2     178
         57     10    50   23931.8    1.40  -41.0     174
         57      9    50   24476.4    1.40  -41.0     174
         54     11    50   26407.7    1.40  -45.7     178
         54      9    50   26544.1    1.39  -45.7     178
         55     10    46   24557.1    1.39  -47.4     184
         54     14    37   53357.9    1.39  -47.3     182

 各 RSI 的平均表現：
                Profit_%    Sharpe      Trades
RSI_Thresh
50          12583.649379  1.018540  203.316770
51           8928.219565  0.990217  211.307453
52           8867.325311  0.997252  212.046584
53          12042.443789  1.066227  216.956522
54          21090.217391  1.169317  223.046584
55          20601.746118  1.174767  224.242236
56          17736.755901  1.157220  224.776398
57          18192.334938  1.170000  224.431677
58          18100.076553  1.165730  218.378882
59          16286.281988  1.154969  207.493789
60          16425.440528  1.143385  204.071429

 Profit if only hold and buy): 709.54%





ETH


 綜合評價最穩健 Top 10 (RSI 50-60 掃描)：
 RSI_Thresh  Short  Long  Profit_%  Sharpe  MDD_%  Trades
         50     11    33    6962.1    1.20  -50.9     187
         51      8    33    6514.1    1.18  -54.1     195
         50     13    32    6107.3    1.18  -51.5     187
         51      9    32    6221.3    1.17  -57.0     195
         50      8    33    6505.7    1.17  -51.1     185
         50     13    33    5770.9    1.17  -52.0     187
         51     11    33    6019.2    1.17  -54.0     195
         50      6    28    6630.0    1.17  -50.2     203
         50     12    32    6009.8    1.17  -52.2     183
         50     12    33    5840.1    1.16  -52.0     187

 各 RSI 的平均表現：
               Profit_%    Sharpe      Trades
RSI_Thresh
50          2761.758851  0.981553  213.464286
51          2716.148602  0.986739  216.734472
52          1914.180280  0.913540  221.566770
53          2217.358075  0.954798  230.576087
54          1597.039752  0.895606  238.830745
55          1771.132919  0.924612  229.562112
56          1572.966615  0.915870  228.403727
57          1225.358540  0.862112  229.621118
58          1134.689286  0.850450  228.704969
59          1093.929348  0.839410  227.736025
60          1314.865217  0.886134  211.198758

 Profit if only hold and buy): 558.70%





 BTC

  綜合評價最穩健 Top 10 (RSI 50-60 掃描)：
 RSI_Thresh  Short  Long  Profit_%  Sharpe  MDD_%  Trades
         54      3    48   88172.0    1.64  -45.4     312
         53      3    48   82657.7    1.61  -47.0     316
         54      3    47   80301.7    1.61  -48.0     312
         54      3    49   72404.7    1.60  -49.5     316
         53      3    47   75279.1    1.59  -46.3     316
         55      3    48   66429.5    1.59  -45.9     304
         54      3    50   69874.7    1.59  -51.2     312
         54      3    52   63717.3    1.58  -47.9     312
         54      1    60   62789.4    1.58  -55.4     326
         55      1    60   56216.0    1.57  -55.8     312

 各 RSI 的平均表現：
                Profit_%    Sharpe      Trades
RSI_Thresh
50          35033.595807  1.392888  311.664596
51          31989.883385  1.380357  318.500000
52          27924.064130  1.364783  330.931677
53          34386.635559  1.419488  328.214286
54          37909.855280  1.456475  327.152174
55          31649.148447  1.426817  317.701863
56          22068.870031  1.367748  327.785714
57          19679.323137  1.356227  336.015528
58          14655.600621  1.301025  347.133540
59          13671.132453  1.300916  341.068323
60          12557.460870  1.299332  327.770186

 Profit if only hold and buy): 15049.66%


